45 Devenex hum corp. d5g55otxonex

555, 5555555555555555 555d550ff555l55555555 5555
extremam 444 4444444444 4444444444 dna
555553 44 44444 aeorum 444444 44444444 55555'555555
morttficantffl 555555555 4444 4444444444
,444444 accers ,4444 44444444 555555555
spanum 555 uentre 55) stomacho ft 5555 4444·
444 ,4444444, dolor 5555555 (4444444444,
¹ 44 4444444 44444 444444 ,4444444 4444,
4444444 &55555555 555555ffl5 4444 5555
’ 4444444444 &defluens 055l555555555555 55
mattfit³5st555555l2st0lid5152s5[55555555555
’ 44, 4444444444 &pera 4444444444,
444444444444444444444444444 Adest 55
44444 44444 [5555 quaefitper 4444444444 44444 stiffi
4444 4444444444 4444. 4444 4444444444
4444444444 4444 4 4444444444 505555555 tri-:³
ges mo 44444 5555 s 55 4444 55 55555 5505555
44444444, 4444444444 &dorm 5555 44444..
4444444444 4, 44449444 444 44 4444444 de 555.
[44444444 444444 [444 4444444444 5555555555
444444 4444444444 , (95 ,4444444444 555

5552

 

